46
335
397
414
415
416
449
453
454
455
456
457
458
459
460
461
462
463
464
465
466
467
470
471
472
473
474
475
507
508
1375
1483
1640
1762
2266
2267
2268
2269
2270
2271
2529
2802
4020
4028
4050
4051
4055
4065
4067
4068
4099
4141
4165
4177
4197
4209
4216
4237
4248
4252
4256
4263
4270
4281
4284
4304
4310
4345
4351
4355
4359
4368
4453
4473
4475
4503
4514
4516
4561
4571
4601
4604
4617
4619
4700
4708
4710
4723
4724
4725
4734
4747
4757
4781
4790
4813
4820
4841
4864
4865
4867
4894
4906
4911
4928
4931
4934
4961
4963
4968
4971
4979
4993
4995
4997
5020
5021
5032
5071
5085
5101
5160
5176
5180
5185
5197
5198
5201
5203
5210
5211
5212
5227
5228
5232
5249
5254
5260
5271
5276
5286
5288
5299
5301
5306
5310
5314
5327
5345
5349
5358
5359
5361
5363
5376
5377
5386
5388
5397
5459
5472
5473
5474
5477
5480
5491
5498
5517
5532
5544
5594
5600
5601
5608
5610
5631
5654
5665
5669
5693
5702
5712
5722
5738
5770
5788
5791
5808
5817
5838
5840
5847
5857
5859
5860
5875
5896
5911
5934
5944
5945
5955
5978
5987
5992
6005
6023
6039
6059
6060
6085
6091
6092
6095
6101
6105
6144
6146
6174
6191
6192
6194
6200
6214
6228
6238
6257
6276
6281
6289
6291
6319
6348
6349
6350
6351
6352
6353
6384
6393
6427
6441
6445
6446
6455
6456
6459
6465
6478
6504
6521
6522
6533
6554
6556
6558
6559
6566
6567
6578
6579
6580
6581
6589
6604
6605
6627
6653
6679
6680
6690
6696
6719
6721
6740
6747
6748
6749
6750
6757
6774
6775
6777
6791
6792
6794
6804
6805
6806
6808
6822
6823
6826
6833
6850
6854
6856
6857
6858
6863
6865
6867
6870
6875
6877
6878
6881
6890
6895
6906
6916
6922
6936
6941
6945
6956
6969
6991
6992
6993
6996
6997
6998
7002
7011
7012
7025
7033
7035
7057
7061
7080
7082
7097
7105
7117
7124
7134
7150
7158
7194
7205
7208
7241
7245
7262
7280
7282
7288
7293
7294
7308
7311
7314
7315
7319
7321
7326
7349
7350
7354
7361
7365
7377
7386
7391
7401
7407
7434
9500
10001
10002
10005
10012
10015
10019
10022
10028
10150
10151
10152
10153
10154
10155
10156
10157
10158
10166
10167
10168
10169
10170
10171
10172
10173
10174
10175
10176
10177
10178
10179
10180
10181
10182
10183
10184
10185
10186
10187
10188
10189
10190
10191
10192
10196
10197
10198
10199
10200
10201
10202
10203
10204
10205
10206
10207
10208
10209
10210
10215
10216
10217
10218
10219
10220
10221
10222
10223
10224
10225
10226
10227
10228
10229
10230
10231
10232
10233
10234
10236
10303
10304
10305
10306
10307
10308
10309
10310
10338
11000
11034
11040
11058
11059
11082
11094
11115
11149
11150
11157
11165
11166
11167
11168
11169
11170
11171
11238
11239
11259
11271
11341
11343
11346
11347
11363
11365
11366
11367
11368
11369
11378
11379
11380
11381
11382
11383
11384
11385
11386
11387
11391
11392
11394
11395
11396
11403
11408
11409
11415
11416
11419
11420
11435
11443
11450
11452
11463
11474
11475
11476
11477
11478
11479
11480
11481
11482
11483
11484
11485
11486
11496
11504
11508
11519
11529
11541
11543
11551
11552
11553
11564
11565
11566
11567
11568
11570
11578
11580
11581
11582
11583
11594
11606
12002
12019
12022
15000
15003
15016
15056
15072
15077
15078
15083
15099
15106
15111
15117
15123
15138
15153
15154
15156
15160
15161
15163
15166
15174
15209
15213
15218
15219
15226
15231
15257
15271
15283
15296
15316
15333
15364
15380
15398
15408
15418
15435
15466
15470
15476
15489
15497
15504
15513
15525
15534
15535
15537
15543
15550
15554
15559
15579
15580
15582
15591
15592
15605
15606
15612
15620
15621
15624
15629
15635
15636
15637
15671
15727
15728
15737
15747
15755
15760
15778
15784
15803
15811
15825
15870
15876
15877
15879
15880
15919
15944
15951
15965
15968
15973
15983
15986
16002
16005
16012
16014
16015
16020
16022
16023
16050
16056
16060
16062
16065
16067
16087
16116
16117
16122
16136
16148
16149
16150
16151
16152
16153
16156
16179
16180
16181
16192
16193
16194
16209
16210
16215
16229
16230
16239
16241
16247
16254
16270
16275
16284
16295
16311
16318
16354
16363
16400
16405
16425
16445
16449
16465
16467
16468
16470
16482
16483
16484
16485
16492
16496
16497
16507
16510
16512
16544
16556
16559
16574
16577
16595
16597
16601
16611
16612
16627
16658
16667
16671
16683
16693
16694
16696
16703
16705
16707
16709
16739
16745
16747
16768
16771
16778
16796
16797
16812
16814
16815
16824
16831
16843
16845
16851
16858
16859
16861
16865
16873
16878
16880
16885
16886
16890
16900
16901
16907
16909
16920
16923
16935
16936
16940
16954
16967
16968
16969
16970
17011
17015
17019
17032
17043
17044
17048
17071
17072
17073
17079
17080
17103
17130
17133
17138
17153
17154
17155
17156
17159
17161
17200
17238
17239
17241
17255
17264
17270
17271
17273
17307
17312
17344
17364
17369
17376
17378
17380
17385
17386
17387
17396
17407
17412
17417
17424
17430
17433
17434
17435
17444
17452
17472
17485
17488
17492
17495
17506
17511
17514
17526
17529
17533
17536
17538
17540
17542
17543
17544
17545
17556
17558
17569
17574
17581
17583
17584
17592
17623
17626
17629
17631
17632
17638
17639
17664
17672
17675
17681
17690
17693
17702
17706
17707
17711
17715
17726
17728
17729
17732
17761
17771
17774
17792
17793
17794
17795
17796
17803
17807
17808
17810
17812
17839
17840
17841
17843
17868
17869
17870
17871
17872
17873
17874
17875
17879
17883
17884
17891
17902
17923
17924
17925
17928
17929
17942
17944
17955
17958
17960
17966
17985
17990
18000
18004
18010
18015
18019
18027
18028
18042
18043
18080
18082
18083
18084
18110
18114
18127
18128
18129
18131
18141
18165
18169
18175
18182
18184
18191
18192
18195
18203
18205
18206
18229
18237
18238
18244
18248
18252
18256
18266
18300
18302
18310
18314
18315
18334
18340
18363
18377
18397
18400
18405
18433
18434
18439
18440
18441
18447
18449
18462
18463
18490
18496
18510
18514
18518
18519
18520
18521
18531
18534
18537
18538
18542
18568
18570
18579
18581
18582
18596
18600
18614
18617
18618
18634
18635
18641
18643
18644
18645
18648
18649
18654
18677
18682
18694
18695
18700
18702
18705
18706
18710
18720
18721
18722
18723
18729
18757
18763
18764
18766
18768
18769
18770
18782
18783
18784
18789
18793
18803
18804
18813
18816
18822
18825
18826
18842
18846
18851
18852
18861
18875
18876
18884
18889
18890
18897
18913
18914
18918
18931
18935
18937
18938
18939
18942
18945
18946
18958
18959
18965
18970
18971
18972
18980
18982
19009
19027
19036
19041
19043
19045
19050
19052
19058
19059
19060
19062
19064
19080
19085
19102
19103
19112
19113
19124
19130
19131
19138
19142
19148
19149
19154
19157
19173
19174
19175
19176
19177
19186
19190
19192
19200
19202
19205
19215
19230
19237
19248
19258
19259
19269
19275
19283
19287
19290
19300
19305
19306
19333
19342
19353
19355
19363
19367
19368
19382
19383
19391
19393
19396
19399
19416
19421
19422
19423
19429
19450
19460
19472
19473
19476
19483
19486
19487
19488
19501
19511
19512
19513
19514
19515
19516
19517
19518
19531
19532
19535
19540
19542
19544
19546
19547
19548
19549
19555
19556
19562
19568
19570
19577
19578
19581
19582
19586
19587
19593
19595
19602
19604
19606
19609
19610
19611
19619
19623
19643
19650
19651
19653
19655
19656
19657
19660
19666
19673
19674
19675
19677
19678
19679
19683
19686
19688
19693
19697
19716
19726
19738
19741
19747
19759
19764
19766
19776
19778
19789
19791
19799
19800
19809
19814
19815
19822
19828
19829
19832
19833
19845
19856
19859
19864
19880
19882
19883
19901
19902
19906
19908
19911
19913
19914
19929
19939
19941
19954
19959
19961
19972
19973
19986
19989
19990
19996
19998
20003
20004
20005
20016
20017
20018
20023
20027
20029
20030
20031
20033
20048
20049
20052
20053
20054
20055
20074
20082
20084
20113
20123
20126
21009
21010
21064
21065
21066
21067
21068
21069
21070
21071
21072
21073
21079
21082
21084
21085
21086
21098
21099
21100
21101
25000
25004
25022
25031
25041
25042
25043
25047
25048
25050
25060
25070
25071
25072
25079
25104
25122
25130
25134
25143
25145
25146
25151
25169
25170
25171
25174
25176
25179
25180
25186
25187
25188
25192
25208
25213
25218
25219
25221
25223
25229
25230
25233
25234
25238
25247
25260
25268
25269
25270
25274
25275
25276
25280
25288
25289
25293
25297
25298
25300
25302
25336
25337
25338
25340
25347
25348
25349
25363
25364
25366
25370
25376
25394
25396
25399
25405
25407
25421
25423
25429
25433
25436
25442
25443
25452
25465
25468
25469
25474
25484
25490
25491
25495
25500
25501
25505
25506
25507
25512
25516
25519
25520
25521
25522
25523
25524
25525
25540
25541
25545
25548
25549
25553
25556
25558
25559
25568
25570
25574
25582
25584
25585
25586
25592
25593
25595
25597
25598
25599
25605
25609
25613
25614
25632
25634
25639
25649
25652
25653
25659
25667
25668
25676
25677
25679
25681
25684
25694
25699
25701
25704
25711
25713
25714
25715
25718
25719
25720
25721
25729
25736
25738
25739
25742
25752
25753
25754
25755
25758
25767
25774
25775
25782
25783
25788
25789
25799
25800
25804
25806
25807
25817
25818
25831
25835
25836
25837
25847
25852
25854
25855
25859
25864
25865
25866
25872
25877
25881
25888
25891
25901
25902
25909
25910
25913
25914
25916
25917
25919
25920
25929
25930
25931
25932
25935
25957
25958
25959
25964
25965
25966
25967
25971
25979
25988
25991
25992
26001
26002
26003
26004
26034
26035
26041
26042
26043
26045
26046
26055
26057
26059
26060
26062
26064
26065
26066
26069
26307
26319
26321
26329
26335
26344
26535
26546
26547
26554
26562
26565
26573
26587
26594
26595
26626
26627
26674
26676
26677
26678
26679
26680
26687
26689
26690
26691
26692
26698
26706
26715
26716
26731
26734
26742
26743
26754
26756
26757
26764
26782
26808
26819
26820
26824
26825
26850
26867
26889
26892
26900
26908
26910
26914
26927
26931
26964
26965
26978
26982
26997
27003
27017
27021
27092
27094
27095
27107
27110
27126
27134
27166
27190
27212
27221
27248
27249
27251
27260
27268
27269
27271
27274
27277
27285
27286
27303
27306
27316
27331
27332
27341
27351
27365
27374
27375
27379
27383
27385
27386
27389
27391
27397
27399
27404
27406
27415
27420
27452
27464
27478
27479
27480
27496
27500
27517
27553
27562
27572
27581
27600
27605
27611
27615
27616
27628
27629
27630
27631
27632
27639
27682
27713
27714
27715
27716
27717
27740
27745
27752
27763
27764
27779
27782
27800
27801
27863
27873
27878
27913
27960
27980
27984
27990
27996
27997
28017
28029
28031
28039
28042
28066
28072
28073
28074
28075
28076
28112
28113
28123
28124
28125
28126
28127
28128
28129
28130
28133
30005
30008
30009
30010
30011
30019
30027
30028
30029
30030
30032
30033
30037
30061
30063
30064
30067
30069
30073
30075
30076
30081
30082
30083
30084
30085
30086
30088
30090
30099
30110
30119
30120
30121
30123
30124
30138
30140
30141
30142
30143
30144
30145
30146
30147
30149
30152
30156
30160
30162
30164
30170
30176
30177
30178
30179
30180
30190
30194
30196
30204
30206
30210
30211
30212
30213
30214
30215
30216
30217
30218
30219
30220
30221
30222
30223
30225
30226
30227
30232
30233
30235
30236
30240
30242
30243
30259
30260
30263
30267
30271
30273
30274
30275
30276
30281
30291
30312
30314
30317
30318
30319
30320
30323
30324
30333
30337
30338
30341
30342
30344
30349
30350
30355
30367
30368
30372
30373
30376
30377
30379
30380
30381
30382
30383
30389
30390
30406
30408
30409
30412
30416
30424
30427
30428
30429
30430
30431
30432
30433
30434
30435
30439
30440
30441
30442
30443
30446
30447
30448
30449
30451
30470
30472
30475
30476
30479
30480
30481
30482
30483
30500
30501
30502
30503
30510
30511
30513
30516
30519
30520
30521
30522
30524
30525
30534
30535
30536
30538
30545
30553
30554
30555
30557
30558
30559
30561
30562
30565
30572
30579
30580
30585
30592
30593
30594
30595
30596
30597
30599
30600
30601
30603
30605
30606
30608
30609
30617
30618
30619
30620
30621
30623
30626
30645
30646
30647
30648
30650
30654
30660
30666
30667
30668
30669
30670
30671
30672
30680
30681
30682
30686
30687
30690
30695
30702
30711
30716
30718
30720
30726
30728
30729
30731
30744
30745
30746
30747
30748
30749
30750
30752
30755
30757
30758
30760
30761
30765
30767
30775
30776
30778
30783
30784
30785
30786
30790
30792
30793
30795
30799
30800
30808
30809
30810
30811
30813
30826
30827
30828
30830
30834
30842
30848
30854
30857
30863
30864
30869
30870
30871
30872
30873
30875
30876
30881
30882
30883
30884
30885
30886
30887
30889
30891
30892
30893
30894
30895
30896
30899
30903
30909
30913
30915
30916
30917
30918
30919
30920
30921
30922
30928
30931
30932
30933
30934
30935
30938
30941
30945
30949
30950
30951
30952
30953
30954
30958
30961
30971
30975
30976
30979
30991
30992
30994
30997
30998
30999
31000
31001
31002
31003
31010
31013
31014
31015
31019
31021
31022
31023
31026
31027
31028
31030
31038
31045
31047
31054
31062
31063
31064
31066
31073
31079
31080
31085
31088
31092
31093
31094
31095
31096
31100
31101
31102
31105
31111
31112
31113
31120
31124
31126
31128
31129
31130
31138
31139
31146
31147
31148
31150
31151
31156
31167
31168
31169
31170
31172
31173
31174
31175
31181
31193
31198
31213
31214
31215
31219
31225
31226
31227
31236
34006
34007
34008
34011
34012
34014
34019
34031
34032
34033
34040
34041
34044
34045
34057
34058
34059
34060
34065
34066
34067
34069
34074
34079
34080
34090
34091
34092
34094
34102
34103
34104
34108
34109
34111
34113
34114
34130
34131
34132
34133
34152
34154
34160
34164
34170
34172
34183
34187
34188
34189
34201
34203
34206
34207
34208
34209
34211
34212
34223
34224
34225
34232
34239
34248
34258
34259
34260
34261
34278
34279
34288
34289
34290
34291
34292
34293
34295
34305
34306
34307
34309
34313
34314
34315
34316
34317
34322
34335
34345
34348
34349
34354
34360
34362
34363
34369
34370
34371
34372
34373
34374
34381
34384
34391
34395
34396
34401
34402
34406
34417
34421
34422
34427
34428
34430
34432
34433
34434
34437
34446
34454
34455
34456
34465
34470
34474
34476
34478
34479
34485
34486
34487
34506
34507
34508
34509
34510
34512
34513
34521
34554
34559
34564
34567
34568
34569
34574
34576
34577
34578
34582
34608
34614
34619
34621
34628
34629
34633
34635
34636
34638
34641
34650
34651
34652
34653
34656
34657
34660
34662
34667
34669
34673
34675
34680
34681
34682
34683
34686
34691
34692
34693
34697
34699
34702
34703
34705
34706
34710
34711
34712
34713
34715
34716
34718
34720
34725
34726
34728
34734
34737
34742
34750
34751
34752
34753
34755
34756
34757
34762
34763
34773
34775
34776
34778
34797
34800
34801
34802
34804
34806
34807
34808
34814
34818
34837
34838
34840
34841
34844
34865
34866
34874
34884
34886
34891
34892
34893
34901
34902
34903
34904
34905
34907
34908
34911
34940
34946
34953
34958
34969
34971
34975
34986
34992
34993
34994
36001
36013
36017
36021
36050
36051
36052
36053
36054
36055
36056
36059
36064
36083
36101
36105
36106
36107
36109
36110
36114
36133
36142
36153
36165
36167
36171
36172
36186
36200
36207
36213
36214
36220
36221
36251
36274
36275
36276
36279
36280
36293
36343
36345
36348
36349
36350
36351
36352
36353
36361
36383
36384
36404
36413
36414
36419
36427
36452
36457
36458
36459
36460
36461
36462
36469
36473
36513
36515
36516
36521
36522
36583
36584
36675
36696
36731
50001
50014
50021
50027
50028
50075
50086
50104
50106
50113
50127
50152
50153
50159
50160
50161
50189
50193
50202
50206
50236
50259
50263
50264
50265
50329
50331
50372
50373
50374
50375
50376
50377
50379
50381
50382
50383
50384
50399
50400
50401
50402
50428
50464
50486
50487
50488
50489
50490
50491
50492
50493
50524
50525
50548
50552
50567
50575
50598
50599
50600
50601
50606
50607
50608
50609
50629
50630
50631
50632
50633
50634
50683
50687
50688
50709
50710
50736
50741
50747
50781
50782
50796
50798
50831
50837
50849
50868
50869
50871
50872
50873
50880
50886
50892
50900
50901
50907
50908
50909
50910
50912
50916
50934
50938
50962
50968
50978
50979
50980
50981
50982
50983
50997
51008
51009
51013
51014
51034
51039
51040
51041
51042
51043
51055
51056
51068
51069
51098
51101
51104
51117
51118
51149
51170
51178
51182
51187
51210
51227
51231
51256
51257
51259
51260
51286
51317
51318
51321
51322
51323
51328
51330
51364
51388
51389
51390
51400
51401
51406
51407
51408
51442
51443
51456
51481
51504
51505
51518
51524
51528
51531
51534
51536
51537
51567
51568
51569
51570
51571
51572
51573
51574
51575
51576
51577
51578
51579
51580
51581
51582
51583
51584
51591
51592
51593
51594
51595
51596
51597
51608
51609
51611
51614
51616
51618
51619
51621
51622
51623
51629
51630
51651
51652
51661
51663
51672
51673
51691
51700
51703
51715
51754
51772
51781
51786
51787
51795
51799
51815
51821
51827
51831
51837
51840
51841
51842
51843
51844
51845
51846
51850
51851
51852
51853
51855
51865
51866
51867
51880
51896
51898
51928
51941
51942
51947
51951
51993
52006
52007
52013
52049
52063
52075
52090
52099
52104
52114
52129
52141
52160
52170
52178
52188
52202
52206
52210
52217
52226
52252
52264
52269
52277
52314
52315
52337
52338
52356
52357
52362
52386
52388
52389
52395
52412
52414
52416
52446
52449
52450
52451
52452
52453
52454
52457
52458
52459
52460
52491
52492
52495
52496
52497
52499
52504
52530
52531
52543
52545
52546
52569
52570
52585
52586
52627
52651
52693
52735
52751
52752
52753
52755
52756
52759
52760
52768
52878
52879
52894
52945
52948
52952
52961
52965
52971
52977
52986
52987
52988
52989
52990
52991
52992
52993
52994
52995
52996
52997
53000
53020
53041
53084
53085
53185
53208
53214
53235
53236
53245
53265
53270
53271
53272
53273
53274
53275
53276
53277
53278
53327
53330
53406
53425
53442
53447
